100 400
0.9840542415686545 0.5653467388109782
0.5797124998253479 0.24474145188924035
0.37331909745252034 0.06381350817939946
0.9258234398737543 0.9175314092773597
0.6978636038758574 0.36581378562194633
0.6029368828880476 0.15112077963930437
0.8160440084496161 0.1476510436245554
0.15530486077862382 0.37296025139673983
0.6605043513764307 0.41227256254702127
0.3420183266527197 0.9995895762777244
0.6389422072989898 0.21732602026356818
0.5949747240645583 0.607657093431654
0.5887998409679327 0.6147112078737974
0.11208506648625272 0.01847647845676692
0.30812827516453767 0.09072032578557265
0.01861265369507048 0.9528889966344913
0.9514729825238418 0.2890239039323024
0.31176143273371826 0.0469897507912429
0.12748176174187076 0.8231729779509815
0.3671092801976473 0.18431436641170196
0.36403687454087164 0.5409535875582696
0.6302076662442739 0.2963722881227958
0.7170646431041933 0.6898419522307958
0.7426457937230321 0.010951824356027151
0.6907780776054719 0.05097442383721562
0.7591036878377763 0.7864108073192192
0.3099590377360526 0.2584590489793226
0.30039584115200946 0.46020626154732003
0.13898804674497978 0.20152057048882344
0.4572327944690153 0.461205231633696
0.27768176911609244 0.6188840983944561
0.01040528738383184 0.2878580705589123
0.8805995587563582 0.7379673318427539
0.06532179501357505 0.2381045872985319
0.5443316963829795 0.08586464133218663
0.5123067057702252 0.7919222874886775
0.9863842292726895 0.4047710435008738
0.8187937446967453 0.49371561654395113
0.799626244983443 0.9414075406916819
0.5355244531052409 0.6592832912744617
0.7078671435470778 0.24817388349456793
0.5560895750226525 0.7408904937717532
0.6709833494092415 0.033168564580061566
0.6076267247483135 0.7240118735694152
0.39211504589141466 0.5268798988780611
0.6702146515651659 0.5005996032052388
0.26480511326212497 0.2952664034237882
0.023480959380852262 0.7662706617130248
0.5645545364327584 0.4221083765111916
0.4011668470503865 0.6225960851201678
0.7371192869948979 0.5079270355759251
0.2978685344883103 0.730714044971707
0.9649760123196217 0.9884310779405606
0.8169021993451826 0.558777907812485
0.8037349058205558 0.862365253763474
0.5742153232337344 0.9932890857736608
0.571880003206595 0.03679922126333901
0.08049430219732245 0.34315406064886234
0.3500684638090804 0.1473088422409463
0.7120941953757713 0.5553435139577775
0.9003221969431477 0.8911667969378819
0.8511438932224363 0.28232097553308566
0.5507966015854191 0.6235724777647041
0.026155593312879977 0.2939471292991125
0.10841291867593861 0.21011633139343167
0.916694764631622 0.6103553921547237
0.15949179540694125 0.9030868517048052
0.899142899206072 0.6473328071882654
0.6976280074909936 0.3148931415106737
0.40531227493040767 0.6120301543327147
0.8783971516937679 0.3987898256385647
0.7416481654683892 0.3643634401777527
0.8420867569475341 0.7152548569271011
0.17398065413811215 0.9682587579395407
0.9684966085257525 0.1617856169314711
0.02126503633214827 0.19693086871168897
0.631953334638589 0.7745417689512133
0.22147556702283266 0.3276753686866215
0.5100369536533135 0.17217822315263975
0.33379494687222133 0.6641933647198597
0.7661182635515892 0.7053749842051802
0.2234677171191647 0.3582562271141445
0.9736574315446732 0.3999854618100499
0.7391624809726477 0.2675576543372741
0.47931568746008224 0.33738791942825597
0.5374144701139483 0.7828888386910005
0.012283892909089378 0.2025398566044928
0.8346968463327755 0.7853118124622858
0.7388329807680235 0.34839807830766967
0.27489494409101656 0.15279517184184355
0.6339429984483116 0.8747825604229618
0.2884350574275857 0.5258152761846884
0.9959689540290041 0.9004247436268263
0.2890453887580484 0.36271512024591357
0.16565336322062285 0.4188565537209906
0.8051034194399456 0.6681523321486157
0.02739680577993764 0.8719591903214181
0.17475087484120855 0.16175644477406037
0.6685494588435048 0.8494054947791878
0.7474334479718305 0.06915510881481723
65 12 0.6292496016806131
16 71 0.6009843189224413
88 16 0.35545400633739077
51 77 0.11148881422758561
68 85 0.9965181177433209
85 11 0.5489716018639147
26 39 0.9951836250636552
84 28 0.4551555979237871
95 91 0.34305149471525154
9 92 0.4814974604525182
86 20 0.0019819470421568175
31 9 0.014428146530302999
94 81 0.7325932289105739
79 12 0.3262996587510467
60 50 0.6775406146177011
21 99 0.9623084487590305
35 12 0.7193807956204957
5 98 0.28286791628620467
31 14 0.7699757114296273
38 74 0.90991650049174
74 81 0.8218564978845251
67 41 0.7754497657647298
15 21 0.29491314945265346
43 84 0.08900787115665976
50 64 0.10924092311548772
45 64 0.672658947316237
36 42 0.09387190721900307
94 51 0.14879593126964263
94 50 0.060240281358024506
67 69 0.5962877087207509
83 16 0.8092362436151445
80 10 0.7495430338489418
76 56 0.8541351426714837
97 41 0.13508814190314378
38 55 0.002958750347999639
60 14 0.8004247349094527
56 78 0.599225578620616
13 74 0.3662023962843055
95 51 0.03773872195765582
7 51 0.947959399179127
2 21 0.6920827635444543
62 8 0.2675848553817325
27 64 0.07477077690175604
12 34 0.7738351126789399
71 63 0.5332853824976346
3 30 0.3791742288907042
42 64 0.12126109927366191
52 92 0.1072548363219532
3 1 0.20129424251406614
9 62 0.43873682440397954
93 13 0.48375969067742886
13 55 0.8969596461526983
72 52 0.4058460737808337
43 91 0.6802170160763947
47 58 0.249958905545265
94 7 0.22187882057339614
81 14 0.10572362901814958
9 70 0.03809455891114988
98 52 0.5319598304336687
40 94 0.2468953618592994
28 26 0.5829856756819009
33 80 0.6506623076460936
49 34 0.15810992086342668
30 91 0.2515034621321981
3 98 0.5167173563411649
31 95 0.7983026844973881
20 33 0.2983667893029529
36 68 0.2741742872384736
63 68 0.6940876544550562
5 41 0.7497545160887868
33 34 0.14974415983521294
6 60 0.42403555855583763
56 76 0.4349776570835794
18 46 0.920026308966382
51 66 0.2937484825292531
22 24 0.5140088073345356
3 41 0.5886690603683488
14 90 0.2680260905491648
6 61 0.6668153149073165
33 39 0.36583790022341145
48 99 0.0870601067595681
61 42 0.9801418913171479
27 13 0.2576068011282405
86 35 0.9274811933600016
1 65 0.5086016281146226
39 78 0.19792105271202742
22 32 0.661632639981305
42 71 0.22712882182241412
32 61 0.9206231341656947
35 72 0.8536607838180837
21 94 0.4840091103796056
16 97 0.16564554550038946
23 94 0.4249448916120854
46 66 0.577135909037064
76 98 0.2852715739679259
44 27 0.22052886249123882
23 77 0.33264914392901734
68 91 0.12985463483269788
42 38 0.31300800642017634
67 29 0.2995110815098945
89 94 0.7386096417128093
14 55 0.9101464806695432
45 38 0.6536823464262393
0 14 0.24072293903851683
41 90 0.4548553357464338
57 4 0.7530509944195133
4 13 0.6743682247689624
59 56 0.8088756169659594
94 94 0.7940709084289701
45 33 0.5233897027172181
44 86 0.7032149617924537
14 84 0.4832071407402787
7 31 0.5705132026220414
46 0 0.8685681986108444
71 2 0.82031949403242
59 45 0.8729778036539838
67 74 0.9053488483492126
81 31 0.9595687479544702
6 84 0.39727946906811196
13 13 0.23008879600521415
58 49 0.9868956941345745
33 54 0.10425825437255887
86 17 0.6340539231472611
96 13 0.2559370390054142
44 83 0.8434765027881154
18 98 0.7665506384027044
26 37 0.7958602189463067
71 3 0.22090827120850243
72 7 0.43757025963189444
85 12 0.7681261231466857
36 74 0.15068676756316401
95 18 0.3299496205110434
49 14 0.9846731426172692
95 34 0.28632472219976
15 35 0.7496029630915068
80 4 0.2764517852838413
12 78 0.338757182067691
55 15 0.6924946688713665
25 60 0.17739948309767695
45 24 0.029210199593790565
9 94 0.5684420088587481
73 51 0.29949103764632035
60 65 0.2301932665836769
2 84 0.09352349920846859
35 6 0.47397118640936864
39 36 0.7051836162259456
41 64 0.1494833987756088
38 80 0.7775267586855016
71 40 0.764810859515684
60 36 0.6307471877112444
83 12 0.5587454235183985
28 79 0.3786458286946791
23 21 0.9311659195967936
26 35 0.9581715540277007
43 73 0.6090033271671321
29 69 0.6825985161693309
71 0 0.49993460110730126
29 52 0.07084251591580426
44 40 0.04392013070683576
40 13 0.7386569321266258
26 6 0.3665993381349385
17 51 0.5942093816820696
16 27 0.9427991976677326
15 10 0.5399249903828233
81 92 0.23927840793254251
40 88 0.22046819942817308
36 96 0.7914901616213205
63 55 0.9961735993495903
31 70 0.9196391011112003
21 93 0.48185440497623055
59 1 0.26654518769642355
36 10 0.43931521756132597
37 90 0.1776000636372559
68 50 0.11155235576194944
63 79 0.6970722731786576
19 61 0.8478889478359275
6 66 0.35272671252558585
55 90 0.9993934269638294
95 62 0.5915844000024554
40 26 0.016965794501103693
26 31 0.5349504869026227
88 62 0.711428443633937
96 60 0.8837446098586661
64 25 0.03367312948312873
54 62 0.24071904133796285
6 19 0.09812388376851466
41 2 0.661258479100552
58 54 0.6460765396561093
76 41 0.9079110342687623
81 93 0.6653461512325144
58 56 0.09626793460760441
38 24 0.43444598518162936
7 53 0.28382608978043966
24 30 0.12546143810930233
61 60 0.09345029698129237
99 68 0.10897248070068866
86 5 0.8752863556466798
47 60 0.8827931642105203
74 87 0.813629794561805
62 38 0.7667906178176069
32 74 0.06836363088849262
69 8 0.13834322193646065
96 76 0.7160590042591197
48 86 0.5437009995250736
85 25 0.30747153709352393
57 59 0.8230967905871546
85 68 0.09162997339290657
88 77 0.7922762769560139
23 48 0.8495396081506458
17 72 0.6873950739257133
34 41 0.23212589727956257
28 17 0.7080727458383941
7 39 0.07871238836070626
68 21 0.5857741105442996
30 20 0.39722636066175077
50 52 0.20945947371502405
11 75 0.18049294058206267
5 88 0.302331762053774
77 48 0.6013298385546063
62 25 0.8541151428954828
26 6 0.13147751293230336
74 91 0.16109945693841088
15 2 0.9463597613456873
97 69 0.6465322033648775
13 68 0.46180351436314715
69 34 0.1590588275756527
22 36 0.7745711206320535
45 15 0.7559073423913634
80 73 0.0921608914034221
99 99 0.4463578274581548
52 89 0.30697651515603086
95 23 0.42258565026991923
4 65 0.7356921161072204
5 78 0.6589448245599132
35 90 0.6683624735149089
15 32 0.6837652359728571
87 73 0.8873338915874311
21 48 0.8832531609088138
23 62 0.27896748606331856
34 35 0.9954586475875883
68 78 0.2991291261512763
56 15 0.9007328371714782
16 63 0.5157459343732747
78 13 0.36774519414668627
20 29 0.059765205233740404
94 45 0.8219401456088602
99 74 0.31274249281278677
75 63 0.264139109880958
91 80 0.9600704959658822
5 2 0.27555974338435796
75 93 0.980454287115371
24 47 0.24343556471660188
10 61 0.7334277663060644
24 55 0.9671482912140449
27 6 0.9781585545832018
23 53 0.14368764400336131
77 14 0.011040118650869957
30 86 0.665552248874932
53 54 0.6710359917258444
50 24 0.5230044748690427
84 23 0.42671102404297934
85 49 0.5118670139107879
61 47 0.2455210747255261
10 40 0.08065171287389361
4 88 0.24427697505185508
43 92 0.9764682566357049
73 70 0.9416621693769478
67 86 0.8844726784672118
50 9 0.163057782212903
12 80 0.814060563151764
3 33 0.5903763441851363
26 6 0.42693937123781134
66 91 0.5826660527055182
32 49 0.9848525141037812
8 62 0.1163344216597223
58 4 0.8221802385422371
99 8 0.5782438958289209
82 96 0.7218814579190858
79 49 0.18381446519233235
31 44 0.8401212386032623
48 37 0.15067165111668557
66 41 0.730175036288754
84 23 0.5232124299203766
23 51 0.9514159728058164
93 9 0.9735198653722339
82 97 0.9028511638304269
57 78 0.680001158781241
35 0 0.1281293037652721
40 31 0.8594920482234015
37 25 0.9324212541448332
71 27 0.9757797628717056
9 35 0.8101780572922409
27 67 0.5138330742750674
33 72 0.7824768802391668
94 42 0.36265740025966064
33 85 0.2063216954950019
98 3 0.8306537615734183
49 57 0.16560258783758441
18 32 0.587566950223451
35 17 0.9510347532071033
15 91 0.020349180720594218
99 85 0.9477730866875118
74 71 0.6622055026521412
28 80 0.084881633825588
82 69 0.2322648931583584
82 6 0.7676561035774598
46 25 0.05715034735899627
47 40 0.3660540916748365
30 22 0.056491685182194495
14 93 0.12115660610496348
49 3 0.30530051028246297
74 74 0.054519882777095074
46 94 0.35214569457142597
74 58 0.7172022591442986
5 12 0.8101456476366217
51 20 0.5377710865816201
92 94 0.25671828161715116
0 15 0.06018390116631711
20 93 0.6084655150672251
39 8 0.48844892640247684
67 87 0.9820552826413788
26 34 0.9576289869930441
35 69 0.6349148281130313
40 95 0.6591612729528966
85 11 0.09725287217607348
74 85 0.98859960707072
12 88 0.6775498694454162
51 27 0.9285981219418455
18 43 0.4372334841242437
4 70 0.8989716043525938
27 89 0.6987050946947355
84 25 0.8155893720300319
51 79 0.5579916372763117
36 62 0.4141645328682325
24 93 0.5247287073500039
87 39 0.3740380892198504
35 13 0.7854762106142659
90 49 0.07805652353654835
41 99 0.08093890308764395
62 83 0.17170182833129954
93 71 0.37480249538606814
15 72 0.43873254437735565
67 37 0.36476290360860664
20 53 0.939583448512435
34 64 0.1099633646073147
26 66 0.20737803581093706
42 42 0.21037342038477758
57 99 0.4562318633995307
79 26 0.8314361730041162
9 11 0.9160444341600972
11 13 0.6022379353333486
23 47 0.3025425310962211
70 61 0.8800578790439152
30 68 0.09317679023819958
59 19 0.8428484515083885
29 29 0.28768600758844565
36 90 0.2902679137080293
29 33 0.062708035135849
19 54 0.2715004553119964
8 64 0.6055827649248582
51 98 0.7542947199017722
94 11 0.15318853303734326
70 71 0.46634151572136295
64 60 0.13388056832549344
66 73 0.9110884118342779
57 98 0.3778330334779336
21 66 0.9410115848528617
37 64 0.7336805757124217
44 32 0.38977859572598794
88 22 0.514532228068456
89 25 0.27004873234574645
29 89 0.9482970632584429
35 65 0.2571630071136791
58 61 0.9767892232840328
66 25 0.3438351325985398
51 67 0.13312449841762053
40 19 0.08220912171045491
29 45 0.922205833408852
79 30 0.0642104020689439
13 31 0.7762252778892262
10 36 0.7377774799563955
25 24 0.6945573366671901
64 24 0.2459801565429004
78 64 0.590540182946702
66 49 0.310752085361074
84 28 0.9386589216842534
36 81 0.7873999504260127
10 25 0.8736625067157004
46 27 0.08648958056751754
25 82 0.564140469052282
84 11 0.31431593420537096
35 86 0.6399063243449433
51 29 0.5119758072234435
29 70 0.16491067989260833
21 79 0.48799494847524827
91 72 0.1319380770690849
51 78 0.3243047135438121
91 23 0.5255058070193573
81 62 0.9957788401533153
37 55 0.5155298362161693
